368,13
584,9
584,8
584,7
584,6
584,5
584,4
584,3
584,1
584,0
576,6
576,5
576,4
576,3
576,1
576,0
568,7
568,6
568,5
568,4
568,3
568,1
568,0
560,8
560,7
560,6
560,5
560,4
560,3
560,1
560,0
552,8
552,7
552,6
552,5
552,4
552,3
552,1
552,0
544,7
544,6
544,5
544,4
544,3
544,1
544,0
536,8
536,7
536,6
536,5
536,4
536,3
536,1
536,0
528,5
528,4
528,3
528,1
528,0
520,5
520,4
520,3
520,1
520,0
512,5
512,4
512,3
512,1
512,0
504,8
504,7
488,9
488,8
488,7
488,6
504,6
504,5
504,4
504,3
504,1
504,0
496,5
496,4
496,3
496,1
496,0
488,5
488,4
488,3
488,1
488,0
480,8
480,7
480,6
480,5
480,4
480,3
480,1
480,0
472,6
472,5
472,4
472,3
472,1
472,0
464,7
464,6
464,5
464,4
464,3
464,1
464,0
456,10
456,9
456,8
456,7
456,6
448,12
448,11
448,10
448,9
448,8
448,7
448,6
456,5
456,4
456,3
456,1
456,0
448,5
448,4
448,3
448,1
448,0
440,5
440,4
440,3
440,1
440,0
432,5
432,4
432,3
432,1
432,0
424,9
424,8
424,7
424,6
424,5
424,4
424,3
424,1
424,0
416,6
416,5
416,4
416,3
416,1
416,0
408,7
408,6
408,5
408,4
408,3
408,1
408,0
400,9
400,8
400,7
400,6
400,5
400,4
400,3
400,1
400,0
368,12
368,11
368,10
368,9
392,5
392,4
392,3
392,1
392,0
0,524
0,523
0,522
0,521
0,520
0,519
0,518
0,517
0,516
0,515
0,514
0,513
0,512
320,60
320,54
320,57
320,2111
320,2110
320,2109
320,2108
320,2107
320,2106
320,2105
320,2104
320,2103
320,2102
320,2101
320,2100
320,2099
320,2098
320,2097
320,2096
320,2095
320,2094
320,2093
320,2092
320,2091
320,2090
320,2089
320,2088
320,2087
320,2086
320,2085
320,2084
320,2083
320,2082
320,2081
320,2080
320,2079
320,2078
320,2077
320,2076
585,14
585,13
585,12
585,11
585,10
585,9
585,8
585,7
585,6
585,5
585,4
585,3
585,1
585,0
577,6
577,5
577,4
577,3
577,1
577,0
569,9
569,8
569,7
569,6
569,5
569,4
569,3
569,1
569,0
561,7
561,6
561,5
561,4
561,3
561,1
561,0
553,8
553,7
553,6
553,5
553,4
553,3
553,1
553,0
545,6
545,5
545,4
545,3
545,1
545,0
537,5
537,4
537,3
537,1
537,0
529,7
529,6
529,5
529,4
529,3
529,1
529,0
521,5
521,4
521,3
521,1
521,0
513,5
513,4
513,3
513,1
513,0
505,9
505,8
505,7
505,6
17,10
17,9
489,8
489,7
489,6
505,5
505,4
505,3
505,1
505,0
497,5
497,4
497,3
497,1
497,0
489,5
489,4
489,3
489,1
489,0
473,8
481,5
481,4
481,3
481,1
481,0
473,7
473,6
473,5
473,4
473,3
473,1
473,0
465,6
465,5
465,4
465,3
465,1
465,0
457,5
457,4
457,3
457,1
457,0
449,12
449,11
449,10
449,9
449,8
449,7
449,6
449,5
449,4
449,3
449,1
449,0
441,5
441,4
441,3
441,1
441,0
433,5
433,4
433,3
433,1
433,0
425,7
425,6
425,5
425,4
425,3
425,1
425,0
417,6
417,5
417,4
417,3
417,1
417,0
409,7
409,6
409,5
409,4
409,3
409,1
409,0
401,6
401,5
401,4
401,3
401,1
401,0
393,6
393,5
393,4
393,3
393,1
393,0
320,1113
320,1125
320,1123
320,1095
320,1151
320,1150
320,1149
320,1148
320,1115
320,1147
320,1146
320,2175
320,1145
320,2174
320,2173
320,2172
320,2171
320,1144
320,2170
320,1091
320,2169
320,2168
320,2167
320,2166
320,2165
320,2164
320,2163
320,2162
320,2161
320,2160
320,2159
320,2158
320,2157
320,2156
320,2155
320,2154
320,2153
320,2152
320,2151
320,2150
320,2149
320,2148
320,2147
586,8
586,7
586,6
586,5
586,4
586,3
586,1
586,0
578,7
578,6
578,5
578,4
578,3
578,1
578,0
570,8
570,7
570,6
570,5
570,4
570,3
570,1
570,0
562,8
562,7
562,6
562,5
562,4
562,3
562,1
562,0
554,8
554,7
554,6
554,5
554,4
554,3
554,1
554,0
10,43
546,7
546,6
546,5
546,4
546,3
546,1
546,0
538,7
538,6
538,5
538,4
538,3
538,1
538,0
530,5
530,4
530,3
530,1
530,0
522,5
522,4
522,3
522,1
522,0
514,5
514,4
514,3
514,1
514,0
506,5
506,4
506,3
506,1
506,0
490,8
490,7
490,6
498,5
498,4
498,3
498,1
498,0
490,5
490,4
490,3
490,1
490,0
482,5
482,4
482,3
482,1
482,0
474,6
474,5
474,4
474,3
474,1
474,0
466,7
466,6
466,5
466,4
466,3
466,1
466,0
458,6
458,5
458,4
458,3
458,1
458,0
450,5
450,4
450,3
450,1
450,0
442,7
442,6
442,5
442,4
442,3
442,1
442,0
434,7
434,6
434,5
434,4
434,3
434,1
434,0
10,42
426,7
426,6
426,5
426,4
426,3
426,1
426,0
418,7
418,6
418,5
418,4
418,3
418,1
418,0
410,6
410,5
410,4
410,3
410,1
410,0
402,5
402,4
402,3
402,1
402,0
10,6
394,5
394,4
394,3
394,1
394,0
320,2239
320,2238
320,2237
320,2236
320,2235
320,2234
320,2233
320,2232
320,2231
320,2230
320,2229
320,2228
320,2227
320,2226
320,2225
320,2224
320,2223
320,2222
320,2221
320,2220
320,2219
320,2218
320,2217
320,2216
320,2215
320,2214
320,2213
320,2212
320,2211
320,2210
320,2209
320,2208
320,2207
320,2206
320,2205
320,2204
320,2203
320,2202
320,2201
320,2200
320,2199
320,2198
320,2197
320,2196
320,2195
320,2194
320,2193
320,2192
320,2191
320,2190
320,2189
320,2188
320,2187
320,2186
320,2185
320,2184
320,2183
320,2182
320,2181
320,2180
320,2179
320,2178
320,2177
320,2176
320,1727
320,1726
320,1725
320,1724
320,1723
320,1722
320,1721
320,1720
320,1719
320,1718
320,1717
320,1716
320,1715
320,1714
320,1713
320,1712
587,11
587,10
587,9
587,8
587,7
587,6
587,5
587,4
587,3
587,1
587,0
579,8
571,12
571,11
571,10
571,9
571,8
571,7
571,6
579,7
579,6
579,5
579,4
579,3
579,1
579,0
571,5
571,4
571,3
571,1
571,0
563,8
563,7
563,6
563,5
563,4
563,3
563,1
563,0
555,8
555,7
555,6
555,5
555,4
555,3
555,1
555,0
547,5
547,4
547,3
547,1
547,0
539,5
539,4
539,3
539,1
539,0
531,5
531,4
531,3
531,1
531,0
523,5
523,4
523,3
523,1
523,0
515,5
515,4
515,3
515,1
515,0
507,5
507,4
507,3
507,1
507,0
491,7
491,6
499,5
499,4
499,3
499,1
499,0
491,5
491,4
491,3
491,1
491,0
475,8
475,7
483,5
483,4
483,3
483,1
483,0
475,6
475,5
475,4
475,3
475,1
475,0
467,6
467,5
467,4
467,3
467,1
467,0
459,6
459,5
459,4
459,3
459,1
459,0
451,6
451,5
451,4
451,3
451,1
451,0
443,5
443,4
443,3
443,1
443,0
435,5
435,4
435,3
435,1
435,0
427,6
427,5
427,4
427,3
427,1
427,0
419,5
419,4
419,3
419,1
419,0
411,7
411,6
411,5
411,4
411,3
411,1
411,0
403,9
403,8
403,7
403,6
403,5
403,4
403,3
403,1
403,0
395,6
395,5
395,4
395,3
395,1
395,0
371,46
371,45
371,44
371,43
371,42
371,41
371,40
371,39
371,38
371,37
371,36
371,35
371,34
371,33
371,32
371,31
371,30
371,29
371,28
371,27
371,26
371,25
371,24
371,23
371,22
371,21
371,20
371,19
371,18
371,17
0,767
0,766
0,765
0,764
0,763
0,762
0,761
0,760
0,759
0,758
0,757
0,756
0,755
0,754
0,753
0,752
0,751
0,750
0,749
0,748
0,747
0,746
371,16
371,15
0,745
0,744
0,743
0,742
0,741
0,740
0,739
0,738
0,737
0,736
0,735
0,734
0,733
0,732
0,731
0,730
0,729
0,728
0,727
0,726
0,725
0,724
0,723
0,722
0,721
0,720
0,719
0,718
0,717
0,716
0,715
0,714
0,713
0,712
0,711
0,710
0,709
0,708
0,707
0,706
0,705
0,704
588,5
588,4
588,3
588,1
588,0
371,93
371,92
371,91
371,90
371,89
371,88
371,87
371,86
371,85
371,84
371,83
371,82
580,9
371,81
371,80
572,9
572,8
572,7
580,8
580,7
580,6
580,5
580,4
580,3
580,1
580,0
572,6
572,5
572,4
572,3
572,1
572,0
564,9
564,8
564,7
564,6
564,5
564,4
564,3
564,1
564,0
556,8
556,7
556,6
556,5
556,4
556,3
556,1
556,0
548,9
548,8
548,7
548,6
548,5
548,4
548,3
548,1
548,0
540,9
540,8
540,7
540,6
540,5
540,4
540,3
540,1
540,0
532,6
532,5
532,4
532,3
532,1
532,0
524,5
524,4
524,3
524,1
524,0
516,5
516,4
516,3
516,1
516,0
508,5
508,4
508,3
508,1
508,0
500,5
500,4
500,3
500,1
500,0
492,5
492,4
492,3
492,1
492,0
484,5
484,4
484,3
484,1
484,0
476,6
468,9
468,8
476,5
476,4
476,3
476,1
476,0
468,7
468,6
468,5
468,4
468,3
468,1
468,0
460,7
460,6
460,5
460,4
460,3
460,1
460,0
371,79
371,78
371,77
371,76
371,75
371,74
371,73
452,6
452,5
452,4
452,3
452,1
452,0
371,72
371,71
371,70
371,69
371,68
371,67
371,66
371,65
371,64
444,5
444,4
444,3
444,1
444,0
436,5
436,4
436,3
436,1
436,0
428,7
428,6
428,5
428,4
428,3
428,1
428,0
420,6
420,5
420,4
420,3
420,1
420,0
412,7
412,6
412,5
412,4
412,3
412,1
412,0
404,6
404,5
404,4
404,3
404,1
404,0
396,6
396,5
396,4
396,3
396,1
396,0
0,831
0,830
0,829
0,828
0,827
0,826
0,825
0,824
0,823
0,822
0,821
0,820
0,819
0,818
0,817
0,816
0,815
0,814
0,813
0,812
0,811
0,810
0,809
0,808
0,807
0,806
0,805
0,804
0,803
0,802
0,801
0,800
0,799
0,798
0,797
0,796
0,795
0,794
0,793
0,792
0,791
0,790
0,789
0,788
0,787
0,786
0,785
0,784
0,783
0,782
0,781
0,780
0,779
0,778
0,777
0,776
0,775
0,774
0,773
0,772
0,771
0,770
0,769
0,768
320,2367
320,2366
320,2365
320,2364
320,2363
320,2362
320,2361
320,2360
320,2359
320,2358
589,5
589,4
589,3
589,1
589,0
581,7
581,6
581,5
581,4
581,3
581,1
581,0
573,9
573,8
573,7
573,6
573,5
573,4
573,3
573,1
573,0
565,7
565,6
565,5
565,4
565,3
565,1
565,0
557,8
557,7
557,6
557,5
557,4
557,3
557,1
557,0
549,8
549,7
549,6
549,5
549,4
549,3
549,1
549,0
541,6
541,5
541,4
541,3
541,1
541,0
533,6
533,5
533,4
533,3
533,1
533,0
525,5
525,4
525,3
525,1
525,0
517,5
517,4
517,3
517,1
517,0
509,5
509,4
509,3
509,1
509,0
501,7
501,6
13,63
501,5
501,4
501,3
501,1
501,0
493,5
493,4
493,3
493,1
493,0
485,5
485,4
485,3
485,1
485,0
469,9
469,8
477,5
477,4
477,3
477,1
477,0
469,7
469,6
469,5
469,4
469,3
469,1
469,0
461,6
461,5
461,4
461,3
461,1
461,0
453,10
453,9
453,8
453,7
453,6
453,5
453,4
453,3
453,1
453,0
69,36
389,40
389,39
389,38
389,37
445,5
445,4
445,3
445,1
445,0
437,5
437,4
437,3
437,1
437,0
13,58
429,6
429,5
429,4
429,3
429,1
429,0
421,7
421,6
421,5
421,4
421,3
421,1
421,0
413,6
413,5
413,4
413,3
413,1
413,0
405,6
405,5
405,4
405,3
405,1
405,0
397,6
397,5
397,4
397,3
397,1
397,0
389,36
389,35
389,34
389,33
389,32
389,31
389,30
389,29
389,28
389,27
389,26
389,25
389,24
389,23
389,22
389,21
389,20
389,19
389,18
389,17
389,16
389,15
389,14
389,13
389,12
320,2395
389,11
389,10
389,9
293,9
293,8
229,8
229,7
320,2394
320,2393
320,2392
320,2391
320,2390
320,2389
320,2388
320,2387
320,2386
320,2385
320,2384
320,2383
320,2382
320,2381
320,2380
320,2379
320,2378
320,2377
320,2376
320,2375
320,2374
320,2373
320,2372
320,2371
320,2370
320,2369
320,2368
320,1919
320,1918
320,1917
320,1916
320,1915
320,1914
320,1913
320,1912
320,1911
320,1910
320,1909
320,1908
320,1907
320,1906
320,1905
320,1904
320,1903
320,1902
320,1901
320,1900
320,1899
320,1898
320,1897
320,1896
320,1895
320,1894
320,1893
320,1892
320,1891
320,1890
320,1889
320,1888
320,1887
320,1886
320,1885
389,100
389,99
389,98
389,97
389,96
389,95
389,94
389,93
389,92
389,91
389,90
389,89
389,88
389,87
389,86
389,85
389,84
389,83
389,82
389,81
389,80
389,79
389,78
389,77
389,76
30,33
30,32
582,9
582,8
582,7
582,6
14,15
582,5
582,4
582,3
582,1
582,0
14,16
14,13
30,31
30,30
30,29
30,28
574,6
574,5
574,4
574,3
574,1
574,0
30,27
30,26
14,14
566,9
566,8
566,7
13,123
566,6
566,5
566,4
566,3
566,1
566,0
558,8
558,7
558,6
558,5
558,4
558,3
558,1
558,0
30,25
550,8
550,7
550,6
550,5
550,4
550,3
550,1
550,0
30,24
542,9
542,8
542,7
542,6
542,5
542,4
542,3
542,1
542,0
13,122
534,6
534,5
534,4
534,3
534,1
534,0
13,121
526,5
526,4
526,3
526,1
526,0
518,5
518,4
518,3
518,1
518,0
510,5
510,4
510,3
510,1
510,0
13,120
502,7
502,6
13,119
13,118
30,23
502,5
502,4
502,3
502,1
502,0
30,22
13,117
494,5
494,4
494,3
494,1
494,0
30,21
13,116
486,7
486,6
486,5
486,4
486,3
486,1
486,0
462,9
462,8
478,5
478,4
478,3
478,1
478,0
13,115
470,5
470,4
470,3
470,1
470,0
462,7
462,6
462,5
462,4
462,3
462,1
462,0
30,20
389,75
389,74
389,73
389,72
389,71
389,70
13,114
14,12
14,6
13,113
446,6
454,5
454,4
454,3
454,1
454,0
13,112
446,5
446,4
446,3
446,1
446,0
389,69
389,68
389,67
389,66
389,65
389,64
13,111
438,5
438,4
438,3
438,1
438,0
430,6
430,5
430,4
430,3
430,1
430,0
13,110
14,11
422,6
422,5
422,4
422,3
422,1
422,0
414,5
414,4
414,3
414,1
414,0
406,6
406,5
406,4
406,3
406,1
406,0
13,109
398,7
398,6
398,5
398,4
398,3
398,1
398,0
320,397
320,403
320,396
320,386
320,439
320,418
320,409
320,435
320,434
320,428
320,416
320,404
320,398
320,426
320,400
320,1983
320,1982
320,1981
320,1980
320,1979
320,1978
320,1977
320,1976
320,1975
320,1974
320,1973
320,1972
15,14
583,9
583,8
583,7
15,12
583,6
583,5
583,4
583,3
583,1
583,0
15,16
575,6
575,5
575,4
575,3
575,1
575,0
567,9
567,8
567,7
13,137
567,6
13,136
567,5
567,4
567,3
567,1
567,0
13,138
559,8
559,7
559,6
559,5
559,4
559,3
559,1
559,0
551,8
551,7
551,6
551,5
551,4
551,3
551,1
551,0
543,6
543,5
543,4
543,3
543,1
543,0
535,6
535,5
535,4
535,3
535,1
535,0
527,5
527,4
527,3
527,1
527,0
519,5
519,4
519,3
519,1
519,0
511,5
511,4
511,3
511,1
511,0
503,8
503,7
503,6
503,5
503,4
503,3
503,1
503,0
495,5
495,4
495,3
495,1
495,0
15,15
487,5
487,4
487,3
487,1
487,0
479,6
479,5
479,4
479,3
479,1
479,0
471,5
471,4
471,3
471,1
471,0
463,6
463,5
463,4
463,3
463,1
463,0
455,8
455,7
455,6
447,9
447,8
447,7
447,6
455,5
455,4
455,3
455,1
455,0
13,133
447,5
447,4
447,3
447,1
447,0
13,135
13,134
13,129
439,6
439,5
439,4
439,3
439,1
439,0
431,5
431,4
431,3
431,1
431,0
423,6
423,5
423,4
423,3
423,1
423,0
15,13
15,7
415,5
415,4
415,3
415,1
415,0
13,132
15,11
15,6
407,6
407,5
407,4
407,3
407,1
407,0
399,6
399,5
399,4
399,3
399,1
399,0
391,5
391,4
391,3
391,1
391,0
0,511
0,510
0,509
0,508
0,507
0,506
0,505
0,504
0,503
0,502
0,501
0,500
0,499
0,498
0,497
0,496
0,495
0,494
0,493
0,492
0,491
0,490
0,489
0,488
0,487
0,486
0,485
0,484
0,483
0,482
